111 1111111111111

1111111111111111. 91111 1111111 111111111111111 11 111 11111. 01111
11111111 intorno 111111111111 di 1111 verro 111111111111111111111111-
111 ohe 111111 111111111 11111 1111111111111 corne 1111 1111 ’11111111
1111 1111111Ε1111111, 11 111111 11 1111. 1111111, 11 11111111 11 libro
111111. 111. 11111.

1111111111 Scotino presente. 1 11111111 1111111 1111111 1111111111, 1
11111111 1111111111 11 11 antichissimo 11111 1111111111111111111111
11111111..11111111111111.1 11 1111111111 1 1 131. 1111111111
111111111. Δ 111111111111 alquanto 111111111111,11111111 1111111111οὼ1
11111 1111111111 1111 111111 111111 1111111111, 11111111111111 11111111
11111111111111 111111 111111111111 11111111, 11111111 1111111111111 roei
111111, 11 111111 1111111111 1111111111111, 11 111111 111111. 1· 1111111 11-
11111111111111111 11111. 1111111111 1 11111 11111 11 11111 ra 1111111111
1111111111111111111,111’11111111111 11111111 1111111 1· 111 11111
111111. 1111111 1 gentile. 11 1111111 venito 1 nordmannorum 11111111
111111111111111 conuento in 11111 nna 1111111111· 111111 quanto 11
111111111111111111111111111111111111111111, protestando 11 11111.
ohe 11 1111111111 111 1111 1111 111 venir 111111111111111111111111111

1 speranza di 111111111111 1111111111 11111111111111111 11 111.

. 8111111 1111111111, 11111111 111 11 rano. 11111 11111Ιί11111.
11111111111111111111111111111111111 1111 111 11 11111 1111 11
impostore 11111111 11111111111111111111111111111111111111111 1111111
ohe 111111 111 ron 1111111111111111111 11 conire) 11 1111111111 d'i·
1111111 11 11111 111 1111111 sommo 11111, 111 nome 111 (11111111111111
1111111 1 111111 11111111111111,111111111111 1111111 1111111 11111111
11 1111111νὶ 11111111, quanto 11 1111111111 8111111111 1111. 1111111111-
1111111111 11111 11111 11111111 11111111 11 11111111’11111,11111111
1111111111 1111111111 1 11111111 111111 111 [11111 1111111111. E 1111 111111
1 11111 1111111111. 1111111111 1111111 11 credero 111111111111111111-
111 111111111111111 111111, Vol. 111. 1111111111111111 11111 111111
11 111.1.11111Ρ1111111 1111111111 11111111111111111111 111111 11111111·
1111111111111 111111111111. ’

Non 11111111111111 1 11 determinare 11 11 111111111 111111. sim·
1111111111, 1111111111 1111111111 111 11111111111111 11 11111111 ss
11111111111111111 1111 1 11111, 1 1111111 11 1111111111. 11111111)
emouere 11 1111 opinione, 11 11111 1111 111 11111111 11111111 11 nobr-
111111111111111111 1111111111, 1111111 (1111111111 111111111111111111111
1111111111111 11111111.11111111111111111,1111111 1111111111111111
111 11111111 111111 1111111111 1111111111 11111111 11 oppon& fld'
1111111111 1111. 111111111111111111111 1111111111 1111111111 11 111111
11111 moenere 11 11111111111111111111 11111111 ohe 1111 1111111 Μ

 

