1117

luusmzlonn DELL’ merom V.

111 111100 1101111110

110110 001 1311 111100111110111100, 0111 1116 011110 10 111110

uguccione della 1100111011, che fin 111011 011 1111011 principa! 10110·
000101110101110·(1111011111,111101110 1 1101011111 10111 periculosi
nemini, 01010111 00111 11 0011 timore 1011 11111 111 0011111110 0111110.
11 0010111, 11100110 5011111011(1011111001101101010110000 1010-
00,1111’011111011 1011011111, 10110110111101 1311101111010 1000110
’11 00010 110110 11 111111101101 0 100 01111 10010111, 10110 11 110οἰ110010
11 10101001101101111111110110001 quale 0011010111 1100111 1 quasi-
0111111111101010111 obauditi 11 001010 1 01110 0011111011 11010111
111 1110110 111 quati 000 1011010001111110 11 101110 1110111011 011 10
0001111011 101 11101110 1111 011101 110000 0111010 010111111111110101
0011 010110 101 00111 quantit& di denam, 0 quintii, 1 00111 11 110,
001111110100111101111000101101101111111 13111111 11 S. (11011011. 111
0101101111010 ebbe tosto 11110111111011111 11111]Ι 1001111101, 0011-
111011111ου10 11 01 110 Ν10010 0 11 1010111 0111011 001 0011 00111 010-
110101111011 11100110. ’
, Dante 11000010 101011 11 0011, 10100110111111111 1111101 01 1 00-
1111 0110011 1011111, 1011110100 0100111010, 1111111111, 111 1011111 00-
10, 11100101 ,, 10011 adunque 000110 11 01011010 modo, 011 111 111111
,, 111011011111011110111111 0111111000 1’ 1111010 1’ 01 011110 00111
,, 1111011101 E 000110 11 11011101111110001011 0111100101 manife-
,, 1111000110 01111 11011100 1111100 111010 011 11110110 00011 studi
,, 1111101 11001 1111110110, della 11010111 1111111111, questa 11100111,
,, 0100111 1’ un onor di 11000, 0110011 1 00111 di misero 11001011οο11
,, 0011110010 10011 1111111 1110, 0111101, 00111 0011111010 111 11001,
,, 1011101011011111011101 10001 1111110100, 1101110111 010111ιί1,
,, 0110011 111010111011010, 111001 1110010011 1110110000οη0·
„ 110101111111111101,Ω11011.1000 110111110 100 01101 questa 11
111 11 1110111111 10 1110010, 111 se 0111111 011 10 ne 10111 1101111, 0111 ’
10101110 0 11 101 11101 001 1111001100, 0011 1111111011 0111010111
100110 0101110110, 000011111οε ,, (11101010 11010111 001 111 0101111
,, 1001’00111,1οο01 1111010111011011111. 1101101 101 00111 10 11
,, (0111010010 100010 10111 10111 mirare il sole 01011011011000011110
,, 10110 0011 01101 111 11010 meditare 11 1011111111, 10 0111 001 101
,, 10111 0011 11011 010111, 1111 1100011011, 111 10011 11 00001001111
,, 11111 di 11010111 ,,

 

