1111 mum

11111111 11 111 111111111111111111 1 G. 11. 1111111111 111 1111111111
1111111111 111 crocinum (⁵9) 111 11111111 11111 pure 111111 1111111·
111111(11111.111111111111111,111111111 1111 nummum (111) 1111
11 1111111111 MSS. 111 1111111 11111 11111111 111111 1111111111 1111·
11111 111111811111111111 1111111111 miscenam asistente 111111
Α. degli 1111101111111.1 11 11111111 111111 81111111111111111 huten·
11111(11111111111111111111111111111111 Gregorio 111111 111
citano 111 11111111111111111111111111111 (1111111111 (611).

⁴La 111111111111111111 1111 1111111 111 1111111τί11 pen-gli 11111111
1111111111, 11 111 11 11111ῄὶ1111 (1111111. 1111 111 11111111111 111111
11 11111111111111111111111111 1111111111 111111, 11111 11111 111111111-
11111111111111111111111111111111111111111111111 mn 11111 mio
11 componimento 111111 11111 in 111111. 01111111 111· 11111111 11111,
11111111·11111111111111.111111111111111 111 11111111 1111111111,
11111 11111 pm} 111 1111111111111111111111111111111. grande 11 11-
1111011111 111 1111111111 11111111111111111111 ogni 11111 11111
11111111111111 (11111111111111111111111111 1111111111 1 11111111-
1111 11111 11111.

11111 1111111 11111 111 111111 111 1111111111 m 1111111111 111·
111111· 111 1111111111 11111111111111 111 111111, 1 poter egli 11111
1111111111111111111111111111 1111 1111111 1111111111 11111111 11111111·
11111111 1111 11111 1111111111111111111111111111111111111111111-
1111111111111111,11111111111111 1110111111, 11 11111 111111111-
11, 1 inpossibile non 1111111111 111111111111111111111111311111111

Che 11111 111 11111· 1111111111 1111,
1111111111111111111 111111111111 quanm 11111111ιί11 1111111.
1111 quau 1111 1111111111 1111111 11111111. 1111111111 111111 11111111
1 primi 113111 (111 111 poetico 1131111111111 1111 1111111 1111111111
11111 11 111Ιί111111 8111111 Tanto 1111111, 111 111 11111111 11111 111111
111111111Ιί 11111 1111111111 1111111111, 1 1111111111 1 111111111111111
quali 1111 111111 11111 1111111 1111111111.

01 dunque 111111 quati primi aggi poetici dess‘zuighieri 11111
1111111 1111111 di 1111111111111111111111 (11 11111 gli 11111 1111111111
1111111111111 111111111111111 1 1111111111 111 111 gran geniofln 111
principio 111111 111 111111111 11111111. 1111111111111111 dn 11111

(19) 811111 111111 111111 poesin, 111. 1, μς. 11

1111) 1111 011111. {x e xxw. V. 11 (11111111 1111 Inui.
1111) scrittori 11111111, 111. 1, purte 1, pag. ⁴9⁸· Ι
1110111. 11111, 11111. u.

1111811111 11111 1’111.111111,111.111 pag· 11111.

 

