, 11111111 819
§qimi 111 111111111111111111 111111 11111111 citeriore 1111111111
1111111111 11 quello 11111. 11 1111111 i 11111111 11 levoion 1 111111
mv. 11111111111111111111 111 11111111 11 1111111111111111111

11111 oon 1111111 11 Poeta 11111 in varj lnoghi 11111 111 011111 111-
1111111111111 1111111. 111, 119. 11111111 111111111111111111111-
to. 11 1111111111111111111111111111 1111111 11 colori, 11111111
11111 partiti, 1111111111111111 11 11111111111111 111 1111111 1111-
11. 11 11111111111111111111111 1111111111 11 1111111111 nero:
1111111111111.1111111111,111111) 1111111111 111 111 1111111111
1111111111 Latini, 11111 1111 111 11 11111111 11 tancho 1111111111111.
iinon 11 1111111 significare 11 [azioni 1116111111111111161111,11111
1111111111111 111111111111, ii Poeta 11 11111111111111 111111.

niro 111 (1111111111111 intorno i 1111Ι 11111111111111 11 1111111 111
unte 111111 figurate 11111 111 11111. 11111111 111 invidiosa 111 ionio
11111111111111111111 1111111111111111111111,1111111 111 111 vi·
’111 particulare 1 1111111111. ’1111 i 11 111111111111 ne fanno 111 11111-
11 1111111111. 11 11111111111111111111111111111111 1111111111 111
11 nomini 1111111 1111111111111111111111 11111111 (Par. 111, 111),
111 11 disse 11111· cii 11111 molisio (111. XV. 78), 111 11 1111111 111·
111 1 invidio 11 111 111 11111111 11111111 (11111191. 11111111 111-
1111111111 111111111 superbio: 111111111 11111 11111111 1111111·
11 11 11111,1111111111,1111’1111111,11111 11111111 1111111111111-
1111111111111 1111111111 111111 estimatione 11111 1111111 11111,
1111111111111111111111111 111 11 quel ch'oii'ora 111111 potente,
11111111 quei 11111111 111 11 11111111111111111 1111111111 111
Dante 1111111111111 1111, 11111111111111111111 11’ Papi, 111111,
11111111111111111,1111111’111.,111 xxvn, 52 111 Par.. 11 io
111111 11111 111111 111 1111111111.

(1111111111 11111111 1111· 1111111111 11111111 111111111111 11111111-
111111111111111111111111111111111 1 111 cononi vizi 11111111
quinia 11111111 siccome 11111111 111111111111111 1111111 111111111-
11 111111111111111 1111111111111111 11 11111111, 11111 vien di·
pinio 111 Poeta 111111111 11111111111111111111 11111111111111- -
111111111111111111111111 11111 11111111. 1111111111 ii 11111 11 111
111 11111111 Virgilio 11111111111 11111111111 florentini, 111. xV, 68:

(111111 111111,1111·11111 11111111.
11111111111111111111111111 111. Vi, 711111 1111111111 11 cneco.
111111111111111111 1111111111 11111 11 discordi 111 loro i 1111
11111111111 in 1111111111

Superbia, 11111111 111111111111111

11 1111111111 1111111111111· 111111.

ni

 

