’371 11111111111

11 documento ch'd 611 1256,113111111611 1111111111 (661 16111111· i
11111111(67),31111161 nome 1 (3111113111 6611116161 61111111·
13111611111131,111111316 6311 111 3111111111 111 16111111 111111
1131111 1111131111 signore 1111111111 11111111 1617 111111 316 che 61
1113111611 11 se 11311 antichi 61111111 11 11111131 111111111111

ι 1111311161 66111161 1111111 1 1111111 1111111311 111, 11 11161111

111 3111111111111 1111111111 11311 Annali 6111111 111 11 11111
rain 3111 menzione di ini 1111111 1966, 1 611 Τ11111111111 (68111 3111
11111, 11 63111 61 1111111161, 111 11 31111111, che 61111111 3111 6131 ’
11 11111611 111111 XIII.

6111161131131161111111111111111111111 61 16111111 1111111111
1611131111 11 111161111116111111111111111131116161 1111111
eh'd del 131101

Bon n‘en 111 neceni 111111, 11.-
11 11131111 1111111111 3111 difficile, mn (11111111111111 1111311111
1116111111 11 1111111611111111 11161611111161 61 6111111 1111 111
11111131111111 virid 11 11311111111 61 111111 11 31113111 del
Purgatorin i 111 vecchi, viventi 1111 1111111 1111 611 111111 11111, w
11 1111111116 1 11331111111 1 1111111111 1111111111611,11111111 111
1111111161111 3111111 generatione, 31111111

in 1111 31111 11· 66131 1 Po 1131
Solen 111111 1 11111111 11111111,
61131111, iiii.
111111 61 Manno 1111111161 nominarii un 1111111161, 11 31111 edii·
1111111111 1111131 1 quello 11 311111, 11111131161111 ’
fla 3111 (11111161 13111, 1111 111 per 113311

1161111 rimam 61111 31111 spemn

111 11131111111611111111111133111
Per 3111 che 11 1111111111 1131111111 questo 31111111 111111· Ῑ
modi 1111611111, ei 1’ 1111611 1111111111, cui 11111111131111 nome 1²
1111111111 311111111161611111161 insse celebrata 311 61 311 111110·
113111 occasione di 1131111111161 1111111111 11 11111, 111111611111311
111111 e 61 pungere i 61 111 degeneri discendenti in nn 1111111111111
113311. 111 (311111 16 1311 1 111111 11111111. 0111 1111111861 P‘ffi'
to, 111116131111 31111 111· 1331111 61 1133111111111 13131116111111
111, 13111161 11131111, 11 61111 11111613111111111, 11 3111611 111111·

611111111111111116161111111111, 1111161 1111 311 11111111 111

(66) 6111111111 62111111, voi. 11, pag. 11.
(63) Sinnin delia 1161111111, Vni. IV, 313. ide.
(66 111313. 115.

 

