111 rom 815

1111110111111, 11111 111111 potenza 111 11 eampo 111 in opped-
11111 11111 1111111ῐί111οι 11111 11111111 11111 11111111 11111111-

111 111 111111111 munito 11 111111 1111 1111111111 1 11 1111111111.
11111 11111111 1111111111111 wicun 111111 1 1111111 01111 1111111
1111111 1 (1111111111 111 ogni impuoeio, 111 1111111 10 1111111111
1111, -1’1111111111111111,111111111111111111111,1 d· 111 1111111
11 1111111111 11111111 11111111111111101 11111, 111 1111131111τί 111 111
Poena 1111111, 111 1111111111 111 0111111 11 1111111111 111 11 beno
1101111111 01111111, 111 11111111 1111 11111111111111111111111111
individuo. Se 11 11111 11111111111111111111111’ώῆ1 111 111111, 111
quanto 111111111111111111111111111111111 11111111 111111 11 scopo
1111111111 111 1111111111 11 11 m 11111111 munimento in·
1111111110 1111111, 1111111111 11111 1111111111 troppo 11111111. 11111
111111111111111111111111111111111111111111 benedi per 11 stan:
1111111111ωι11111111111111111111111111111111 1111111 111 01111, 1
11111 (11111111 (11111111 111111111111111111) simbolo 1111 111 1111111
in 1111111. 1 111111 pm 1 11111111ιὶ111 1111111 1111111 11 giorno 3⁰- .
111111111111111111111111111 11111111 1111 111111 1111111111
11111 111111 putria, 1 1111111111 1111111111 1111111111 11 11111111. 11111-
111 111 111 11 111111 rimu, 1111 1111111111111111 1111111 101 111-
111110111111111111111111111111111111111. 0111111111 11111111
111111 11111 11111111 111 1101, 111 pom 111 pincipio 1111 1100 111
11111111111111 1111111111 11111 1111111111 1111 11 111111 di 111111
11111111111111111111111111111111111 11111111 111111111111 1111
111111111111111111011111,111 1111111 11 1111111111 11111111111111
1111111111 11111111 011111111111111111111111 1111111 11111111 11-
tum 1 11111111 11111111 111111 1111111. apum 1111111111 111-
1111111111 1111011111 111 111111 11111 figurato. 1111111 11111111,
111111, 1111111111111111 111111 1111111111 111111 111-1111111111 11111
111111111.

811111111111111111111111 1111111111 1111 11111111 1131 11111111, ΙΙ
1101011111111111111111111111111011111111111111111111 1111111
1111111 81111111111111.1111111111 raim nmbbo (111111. 11·
111111 111111 1111111111 serium, 1111111 111111 01111 111111 1111111
(lammis. 11111 1111 11111111 1111111 1111111111 1111 11111 111 111111
111111 ami ghibellim. quanto eoll’opm 111 111 11111 1111111, 11 111·
1111111111 11111 11111111 1111 lingum 1111111111111 111 111111.
011111111111111. 1111 11111111 1111111111 mamm. 1111111111 1
1101111111111, 1111111111 neman, m'bffioeienegli 11111111.
ὁ, 11111111 111, puto 11 111 11111 1111111 Commi· 1 11 111111 11 11·
111 opere 11111 1111111111. 11 111 1111 111111 11111111 11 1011111111

 

