 

666 amminoni

’6. ’1. 6 666616166616 666 666116 [6611661666 «rom 6666616, 6166
66666116616666 66661666616, 666 66616 666 16 mia 1166666 666-
6661166161 6111666, 61161616 uomica 66.. 616 61666616 6616 661661
immoratio 616 16 6666666666, 16 166 morit quella 66666116, 666 666-
661166661666666661611661666116166,666666 16 66666 6666116·
adivi 666166 611 16 66166666 da 661 1666661 6666 6666666 6666666.

6. 9. 1661666, 661666616.

6. 11. 6661661666, indignato.

6. 666611 661 6110661166666661 61166666 666 6116 666616 666-
66116. 66666116 6661116 16 11611616, 666 6 11661666, 6166661666 1166616
666 661666 6 6666661 666116666661 mensione 666 6661666611 161.

mun 111, Vol. V. 666. 616.
66116161666666166116661666666.

Amne di 666666666616 666 passione 666 116616166,116616,6166666·16
gii 66116, 6666666 166 6666666 6116 gente di 666666 16666666616 6666
161·66611166666.11666616 6661666616661611 66661666166666 6 segni
6166 66 66666 16 6666 666 6 66616166. 06116116 166661661661 16 116616
6666 6 161 11661116 661616. 11161666 dolente 11 66616 666 16 6616661666
61 616 666 16666666, 66666611 6166, 16 666 666111661666 6 6166661666
16 grazia 66116 666 616666, 6666666 61 1666 666616 11611616, 66116 66616
6666666661 661166666616 66616616 666 11 666 66666 666 6 66616 666·
111616, 66 6661 61 6666161666. (V. 16 Vna 116666 i.

6. 11. 1. Intendi: 816661 16 mia 666666. 16 66616 616 16, 6 flauam, u·
666666 661 66661, 616 666616 666 161. 6161 666 16 mia 66666, 6661611611
6666616666 661 6616 Sim. 6616 6 dire (16 166666.

6. 20. 866 6611. Per 1661616666 16 durem 661116666166 61 666 66·
6611666666661166116161, 616 666666 6666666166 1 moderni. di 666166·
gem 16 6666666616 6 61 6666661661 6.61,66,666,66..666666 666 11
misum 661 66666 66166666 666 666 666666616666 61161666. 11661 im·
616666 66116 6666666166

, 066166616611666616666666666666166
· lui. 1, 66.
0611666166666666616666666161
· Par. 11111. 76
1161 quai. 666 16, 666 61 661666 66666666,
1166611, 1⁰2
cheu i 6666116, 66666 16 6666 166666.
161. 1, 1111.

1166666616666616 6666666666 1’ 66116616 16 166666 661111, 16 W

 

