000 0101101010οι

0 0. 17, 10 come di Gino pubblicum 001 01111, 00 Faustino ’10000001
(1101001. 001 00100 01 Dante non l' ho 111101οῑ0 10 alcun 1100100000·
110 001 00010 01 11100 100 100010 001 000. 07 mut„ 00001101001011·
0100011001 0001001 11100 0001100011 (1100101 1111010101 0111010000
(100101 1111001001. 1111100 dunque 0011010010 0001110110, 000000 0111
00101110 11010001 in 000110 00000101.

SON 11Πο XLV, Vol. V, 000. 660.
001 00010010 0101110101· senza 00010

01030010 0103310010 8000110, 000001οο100 01110010 00301οή1000
(100101 100100010οἰ 00 mut. 00 0 37 1101. 90, 0 000 001 00100 011011
0110011010 0011001010ηο (11001100 00. 1010110101 00110 0111001001.
0111110110 001 0010000110εο10 01010010, 0 10 11100000, 3101100 (siccome
0000110 0111010110) 10 10000110 0 110010, 01000000 1000010000 qh
0000101000 (V. 11 (1001110) 10οο 10 100 0100011001000 ed 11 00110
0100 0110301100100010, 000 10 0311 000110 0 0010 01001010, 000 01010100
100110 01 1110010 01 3001001011 1010010010 01 101, 0 000 10 031100001-
1110010 0 0101110, 000001000 001 110110 01110101 00110010, 00010001
0110 00 00010 fosse 01010110.

1. 5. [0110 mia 0001010.Ι 00010 10 010 10103010.

1. 0. 000 (a, 10331000 (u, 0000000000 00110001 1111311011 Tati.
⁹ v. 0. 0001000110, 000010 100110.

1.10,11.10101101100000100000 00100 0001100110 000 01100100»
100010 00110 studio 00110110 00110 11100000 000110 0101010, 00100111
01111 1000110110 01 00110010, 0100, 00110 0011001010 011000 0010110111
00111010. ’

, 1. 011. Come 011111 01 stella 0101000100, 01001 0010010 11110 001 sole
produce, secondo 1’ 001100 0011110110, 10 0013001110, 10 00110.

80110Πο XLVI, Vol. 0010. 001.
11000· 00001 00110 mia 001100 11 move.

· 000010 8000110 110 001 00010 01 00010 00301011 00. 1110110 0000

0111000(11001100,0001000370100000011010010000001000001111

11 Poeta della 11110 00311 000111 00110 000 00000, 0 01 010 0110 01011

11110 0001010 00010 01 111010 000 00000100 0101100100ιο 000 001010

0100 310 00110 0018000110 0000 001101’11011’0010,00111001011οώ0013
Negla· 000111 00110 lamia 0011110 Amore.

Per 000 si [0 0011111010 0100110 101101
0 001 presente:

 

